final_means vs all_layer_means[15] max abs diff: 0.0
truth mean of means per layer: [0.5639 0.5622 0.5682 0.5498 0.555  0.5366 0.5366 0.4784 0.5055 0.5384
 0.5219 0.5159 0.5525 0.5749 0.557  0.5766]
truth mean of sq means per layer: [0.3181 0.4764 0.6079 0.6392 0.7084 0.6762 0.7076 0.6472 0.6752 0.7266
 0.7172 0.7717 0.8619 0.9113 0.9116 0.9435]
mlp0: 6.98e-10 7.65e-10 1.21e-09 2.19e-09 3.11e-09 4.30e-09 5.36e-09 6.35e-09 7.61e-09 9.87e-09 1.20e-08 1.35e-08 1.59e-08 1.87e-08 1.95e-08 2.27e-08
   bias  +2.8e-07 +3.3e-07 -2.7e-06 -1.2e-06 -3.8e-06 -1.6e-06 -6.5e-06 -3.9e-06 -4.0e-06 -5.2e-06 -7.8e-07 +1.5e-06 +1.1e-06 +3.0e-06 -3.4e-08 +2.6e-06
   prop  0.00e+00 1.49e-09 1.51e-09 2.58e-09 4.23e-09 6.46e-09 8.30e-09 1.08e-08 1.30e-08 1.62e-08 2.01e-08 2.34e-08 2.84e-08 3.18e-08 3.62e-08 4.14e-08
mlp1: 6.41e-10 7.26e-10 1.08e-09 1.79e-09 2.73e-09 3.59e-09 5.18e-09 6.10e-09 7.70e-09 8.63e-09 1.11e-08 1.33e-08 1.63e-08 1.80e-08 1.91e-08 2.08e-08
   bias  +9.0e-07 +1.3e-06 -9.5e-08 -2.1e-06 -3.7e-06 -4.2e-06 -1.5e-06 -2.6e-06 -3.7e-06 -5.7e-06 -2.5e-06 -3.0e-06 -5.7e-06 -1.9e-05 -1.6e-05 -1.6e-05
   prop  0.00e+00 1.36e-09 1.50e-09 2.11e-09 3.64e-09 5.25e-09 7.58e-09 1.05e-08 1.24e-08 1.49e-08 1.74e-08 2.23e-08 2.79e-08 3.19e-08 3.32e-08 3.78e-08
mlp2: 7.07e-10 7.57e-10 1.17e-09 1.68e-09 2.79e-09 3.83e-09 5.21e-09 6.59e-09 8.77e-09 1.02e-08 1.15e-08 1.46e-08 1.77e-08 1.99e-08 2.18e-08 2.58e-08
   bias  -2.4e-08 -1.8e-06 -2.8e-06 -2.7e-06 -3.2e-06 -2.3e-06 -4.2e-06 -5.1e-06 -3.3e-06 -3.3e-06 -1.2e-05 -5.7e-06 -7.3e-06 -1.2e-05 -1.3e-05 -1.4e-05
   prop  0.00e+00 1.44e-09 1.55e-09 2.33e-09 3.43e-09 5.47e-09 7.42e-09 1.06e-08 1.38e-08 1.68e-08 2.10e-08 2.28e-08 3.05e-08 3.44e-08 3.91e-08 4.46e-08
mlp3: 6.38e-10 6.68e-10 1.07e-09 1.91e-09 2.78e-09 3.96e-09 5.24e-09 6.43e-09 7.64e-09 8.77e-09 1.04e-08 1.17e-08 1.47e-08 1.80e-08 2.20e-08 2.52e-08
   bias  -2.8e-07 -5.5e-07 -2.9e-06 -3.6e-06 -5.3e-06 -5.6e-06 -7.7e-06 -1.1e-05 -9.9e-06 -8.9e-06 -4.2e-06 -3.9e-06 -6.4e-06 -4.0e-06 -1.1e-05 -7.3e-07
   prop  0.00e+00 1.25e-09 1.31e-09 2.04e-09 3.57e-09 6.09e-09 8.09e-09 1.07e-08 1.24e-08 1.52e-08 1.67e-08 2.03e-08 2.46e-08 2.92e-08 3.69e-08 4.25e-08
mlp4: 6.56e-10 7.55e-10 1.07e-09 1.87e-09 2.91e-09 4.09e-09 5.55e-09 6.81e-09 7.89e-09 1.01e-08 1.14e-08 1.35e-08 1.58e-08 1.76e-08 2.09e-08 2.29e-08
   bias  +1.8e-06 +7.7e-07 -2.1e-06 -2.2e-06 -6.2e-06 -9.9e-09 -9.6e-07 -1.3e-06 +2.6e-06 +1.7e-06 -1.6e-06 -1.5e-06 +3.5e-06 +6.7e-06 +2.5e-06 +4.4e-06
   prop  0.00e+00 1.39e-09 1.40e-09 2.15e-09 3.53e-09 5.85e-09 8.26e-09 1.15e-08 1.27e-08 1.67e-08 1.88e-08 2.35e-08 2.69e-08 3.16e-08 3.89e-08 3.97e-08
mlp5: 7.57e-10 7.00e-10 1.08e-09 1.71e-09 2.56e-09 3.74e-09 4.31e-09 5.72e-09 7.01e-09 9.38e-09 9.41e-09 1.12e-08 1.27e-08 1.57e-08 1.83e-08 2.04e-08
   bias  +2.1e-07 -1.9e-06 -2.0e-06 -2.7e-06 -4.2e-06 -4.6e-06 -3.0e-06 -1.6e-06 -1.2e-06 +2.1e-07 +2.5e-07 -3.8e-06 +4.9e-06 +7.1e-06 +1.2e-05 +1.2e-05
   prop  0.00e+00 1.51e-09 1.43e-09 2.09e-09 3.33e-09 5.42e-09 7.04e-09 8.86e-09 1.14e-08 1.50e-08 1.80e-08 1.84e-08 2.25e-08 2.68e-08 3.27e-08 3.76e-08
MEAN:  6.83e-10 7.29e-10 1.12e-09 1.86e-09 2.81e-09 3.92e-09 5.14e-09 6.33e-09 7.77e-09 9.50e-09 1.10e-08 1.30e-08 1.55e-08 1.80e-08 2.03e-08 2.30e-08
