layer  mse     inh_frac  new_mse   R2(new~feats, pooled over MLPs, in-sample)   R2 cross-MLP   alpha_std  sigma_mean
  1  7.29e-10  +0.590   2.99e-10   +0.2505   +0.2477   total-err R2 +0.1067   0.68   1.166
  2  1.12e-09  +0.431   6.34e-10   +0.1945   +0.1896   total-err R2 +0.1119   0.99   1.003
  3  1.86e-09  +0.454   1.02e-09   +0.1225   +0.1171   total-err R2 +0.0704   1.23   0.883
  4  2.81e-09  +0.515   1.36e-09   +0.0877   +0.0707   total-err R2 +0.0442   687.19   0.793
  5  3.92e-09  +0.564   1.71e-09   +0.0536   +0.0472   total-err R2 +0.0220   1494.58   0.728
  6  5.14e-09  +0.596   2.08e-09   +0.0317   +0.0260   total-err R2 +0.0145   2257.14   0.670
  7  6.33e-09  +0.637   2.30e-09   +0.0237   +0.0161   total-err R2 +0.0117   2945.25   0.623
  8  7.77e-09  +0.648   2.74e-09   +0.0146   +0.0068   total-err R2 +0.0055   3343.45   0.573
  9  9.50e-09  +0.685   2.99e-09   +0.0195   +0.0104   total-err R2 +0.0099   3632.42   0.540
 10  1.10e-08  +0.702   3.27e-09   +0.0143   -0.0026   total-err R2 +0.0056   3897.00   0.507
 11  1.30e-08  +0.726   3.55e-09   +0.0135   +0.0031   total-err R2 +0.0059   4834.47   0.475
 12  1.55e-08  +0.765   3.65e-09   +0.0147   +0.0010   total-err R2 +0.0038   4893.99   0.455
 13  1.80e-08  +0.764   4.23e-09   +0.0151   +0.0080   total-err R2 +0.0060   4929.44   0.438
 14  2.03e-08  +0.770   4.66e-09   +0.0127   +0.0025   total-err R2 +0.0062   5371.55   0.414
 15  2.30e-08  +0.797   4.66e-09   +0.0215   +0.0122   total-err R2 +0.0057   5337.17   0.394
final layer: alpha-bin  count  mean_err  rms_err
  [-99.0, -4.0)    759  +3.50e-08  1.33e-07
  [ -4.0, -3.0)    407  +1.17e-06  4.89e-06
  [ -3.0, -2.0)    533  +7.23e-06  2.90e-05
  [ -2.0, -1.5)    304  +4.75e-06  6.10e-05
  [ -1.5, -1.0)    332  -3.12e-06  8.65e-05
  [ -1.0, -0.5)    355  -1.93e-05  1.13e-04
  [ -0.5,  0.0)    349  -1.62e-05  1.66e-04
  [  0.0,  0.5)    361  -5.26e-06  1.76e-04
  [  0.5,  1.0)    342  +4.86e-06  1.95e-04
  [  1.0,  1.5)    311  +1.22e-06  2.03e-04
  [  1.5,  2.0)    316  +1.55e-05  1.94e-04
  [  2.0,  3.0)    582  +7.92e-06  2.10e-04
  [  3.0,  4.0)    437  -1.25e-05  1.97e-04
  [  4.0, 99.0)    468  -4.77e-06  1.99e-04
